Start of generated Kinect data.
pos ( 0.0000, 0.0000, 1.50); quat (-0.05, 0.00, 0.99 );
pos ( -0.0099, 0.0687, 1.50); quat (-0.05, 0.00, 0.99 );
pos ( 0.0612, 0.1471, 1.50); quat (-0.05, 0.00, 0.99 );
pos ( 0.0786, 0.1879, 1.50); quat (-0.05, 0.00, 0.99 );
pos ( 0.0699, 0.2277, 1.50); quat (-0.05, 0.00, 0.99 );
pos ( 0.1436, 0.3047, 1.50); quat (-0.05, 0.00, 0.99 );
pos ( 0.1535, 0.3435, 1.50); quat (-0.05, 0.00, 0.99 );
pos ( 0.2276, 0.4170, 1.50); quat (-0.05, 0.00, 0.99 );
pos ( 0.3099, 0.4723, 1.50); quat (-0.05, 0.00, 0.99 );
pos ( 0.3445, 0.5217, 1.50); quat (-0.05, 0.00, 0.99 );
pos ( 0.3464, 0.5758, 1.50); quat (-0.05, 0.00, 0.99 );
pos ( 0.3805, 0.6491, 1.50); quat (-0.05, 0.00, 0.99 );
pos ( 0.4561, 0.7215, 1.50); quat (-0.05, 0.00, 0.99 );
pos ( 0.4679, 0.7572, 1.50); quat (-0.05, 0.00, 0.99 );
pos ( 0.5123, 0.8120, 1.50); quat (-0.05, 0.00, 0.99 );
pos ( 0.5246, 0.8520, 1.50); quat (-0.05, 0.00, 0.99 );
pos ( 0.5317, 0.8711, 1.50); quat (-0.05, 0.00, 0.99 );
pos ( 0.5301, 0.8989, 1.50); quat (-0.05, 0.00, 0.99 );
pos ( 0.5465, 0.8966, 1.50); quat (-0.05, 0.00, 0.99 );
pos ( 0.5643, 0.9261, 1.50); quat (-0.05, 0.00, 0.99 );
pos ( 0.6206, 0.9142, 1.50); quat (-0.05, 0.00, 0.99 );
pos ( 0.6446, 0.9740, 1.50); quat (-0.05, 0.00, 0.99 );
pos ( 0.6788, 1.0043, 1.50); quat (-0.05, 0.00, 0.99 );
pos ( 0.7511, 1.0602, 1.50); quat (-0.05, 0.00, 0.99 );
pos ( 0.7735, 1.0471, 1.50); quat (-0.05, 0.00, 0.99 );
pos ( 0.8143, 1.1289, 1.50); quat (-0.05, 0.00, 0.99 );
pos ( 0.8402, 1.1301, 1.50); quat (-0.05, 0.00, 0.99 );
pos ( 0.8399, 1.1202, 1.50); quat (-0.05, 0.00, 0.99 );
pos ( 0.8821, 1.1336, 1.50); quat (-0.05, 0.00, 0.99 );
pos ( 0.9442, 1.1542, 1.50); quat (-0.05, 0.00, 0.99 );
pos ( 1.0028, 1.2258, 1.50); quat (-0.05, 0.00, 0.99 );
pos ( 1.0682, 1.2432, 1.50); quat (-0.05, 0.00, 0.99 );
pos ( 1.0741, 1.2770, 1.50); quat (-0.05, 0.00, 0.99 );
pos ( 1.0791, 1.2636, 1.50); quat (-0.05, 0.00, 0.99 );
pos ( 1.1483, 1.3081, 1.50); quat (-0.05, 0.00, 0.99 );
pos ( 1.1654, 1.3334, 1.50); quat (-0.05, 0.00, 0.99 );
pos ( 1.1625, 1.4154, 1.50); quat (-0.05, 0.00, 0.99 );
pos ( 1.1862, 1.4820, 1.50); quat (-0.05, 0.00, 0.99 );
pos ( 1.1754, 1.5301, 1.50); quat (-0.05, 0.00, 0.99 );
pos ( 1.2393, 1.5648, 1.50); quat (-0.05, 0.00, 0.99 );
pos ( 1.2725, 1.6359, 1.50); quat (-0.05, 0.00, 0.99 );
pos ( 1.3140, 1.6649, 1.50); quat (-0.05, 0.00, 0.99 );
pos ( 1.3679, 1.6898, 1.50); quat (-0.05, 0.00, 0.99 );
pos ( 1.4266, 1.7596, 1.50); quat (-0.05, 0.00, 0.99 );
pos ( 1.4862, 1.8351, 1.50); quat (-0.05, 0.00, 0.99 );
pos ( 1.5523, 1.8389, 1.50); quat (-0.05, 0.00, 0.99 );
pos ( 1.5429, 1.8445, 1.50); quat (-0.05, 0.00, 0.99 );
pos ( 1.5929, 1.8971, 1.50); quat (-0.05, 0.00, 0.99 );
pos ( 1.6686, 1.9007, 1.50); quat (-0.05, 0.00, 0.99 );
pos ( 1.6633, 1.9444, 1.50); quat (-0.05, 0.00, 0.99 );
pos ( 1.6716, 1.9586, 1.50); quat (-0.05, 0.00, 0.99 );
pos ( 1.7449, 1.9619, 1.50); quat (-0.05, 0.00, 0.99 );
pos ( 1.7445, 2.0301, 1.50); quat (-0.05, 0.00, 0.99 );
pos ( 1.7753, 2.0471, 1.50); quat (-0.05, 0.00, 0.99 );
pos ( 1.8293, 2.0968, 1.50); quat (-0.05, 0.00, 0.99 );
pos ( 1.8232, 2.0973, 1.50); quat (-0.05, 0.00, 0.99 );
pos ( 1.8208, 2.1382, 1.50); quat (-0.05, 0.00, 0.99 );
pos ( 1.8505, 2.1688, 1.50); quat (-0.05, 0.00, 0.99 );
pos ( 1.8974, 2.2390, 1.50); quat (-0.05, 0.00, 0.99 );
pos ( 1.9509, 2.2291, 1.50); quat (-0.05, 0.00, 0.99 );
pos ( 2.0338, 2.2655, 1.50); quat (-0.05, 0.00, 0.99 );
pos ( 2.1030, 2.3009, 1.50); quat (-0.05, 0.00, 0.99 );
pos ( 2.1832, 2.3661, 1.50); quat (-0.05, 0.00, 0.99 );
pos ( 2.2148, 2.4302, 1.50); quat (-0.05, 0.00, 0.99 );
pos ( 2.2642, 2.4862, 1.50); quat (-0.05, 0.00, 0.99 );
pos ( 2.3335, 2.5626, 1.50); quat (-0.05, 0.00, 0.99 );
pos ( 2.4037, 2.6405, 1.50); quat (-0.05, 0.00, 0.99 );
pos ( 2.4413, 2.7071, 1.50); quat (-0.05, 0.00, 0.99 );
pos ( 2.4482, 2.7483, 1.50); quat (-0.05, 0.00, 0.99 );
pos ( 2.4582, 2.7710, 1.50); quat (-0.05, 0.00, 0.99 );
pos ( 2.5376, 2.8110, 1.50); quat (-0.05, 0.00, 0.99 );
pos ( 2.6019, 2.8148, 1.50); quat (-0.05, 0.00, 0.99 );
pos ( 2.6003, 2.8917, 1.50); quat (-0.05, 0.00, 0.99 );
pos ( 2.5858, 2.8917, 1.50); quat (-0.05, 0.00, 0.99 );
pos ( 2.5726, 2.9340, 1.50); quat (-0.05, 0.00, 0.99 );
pos ( 2.6460, 2.9838, 1.50); quat (-0.05, 0.00, 0.99 );
pos ( 2.6342, 3.0472, 1.50); quat (-0.05, 0.00, 0.99 );
pos ( 2.6532, 3.0396, 1.50); quat (-0.05, 0.00, 0.99 );
pos ( 2.6483, 3.1063, 1.50); quat (-0.05, 0.00, 0.99 );
pos ( 2.7320, 3.1204, 1.50); quat (-0.05, 0.00, 0.99 );
pos ( 2.8009, 3.1251, 1.50); quat (-0.05, 0.00, 0.99 );
pos ( 2.8379, 3.1539, 1.50); quat (-0.05, 0.00, 0.99 );
pos ( 2.8439, 3.1413, 1.50); quat (-0.05, 0.00, 0.99 );
pos ( 2.8695, 3.2197, 1.50); quat (-0.05, 0.00, 0.99 );
pos ( 2.8623, 3.2615, 1.50); quat (-0.05, 0.00, 0.99 );
pos ( 2.8711, 3.3029, 1.50); quat (-0.05, 0.00, 0.99 );
pos ( 2.9299, 3.3697, 1.50); quat (-0.05, 0.00, 0.99 );
pos ( 2.9262, 3.4042, 1.50); quat (-0.05, 0.00, 0.99 );
pos ( 2.9450, 3.4115, 1.50); quat (-0.05, 0.00, 0.99 );
pos ( 2.9594, 3.4685, 1.50); quat (-0.05, 0.00, 0.99 );
pos ( 3.0129, 3.5498, 1.50); quat (-0.05, 0.00, 0.99 );
pos ( 3.0961, 3.6076, 1.50); quat (-0.05, 0.00, 0.99 );
pos ( 3.0975, 3.6896, 1.50); quat (-0.05, 0.00, 0.99 );
pos ( 3.1634, 3.7493, 1.50); quat (-0.05, 0.00, 0.99 );
pos ( 3.2158, 3.8315, 1.50); quat (-0.05, 0.00, 0.99 );
pos ( 3.2169, 3.8583, 1.50); quat (-0.05, 0.00, 0.99 );
pos ( 3.2705, 3.9337, 1.50); quat (-0.05, 0.00, 0.99 );
pos ( 3.2753, 3.9191, 1.50); quat (-0.05, 0.00, 0.99 );
pos ( 3.2767, 3.9636, 1.50); quat (-0.05, 0.00, 0.99 );
pos ( 3.2724, 3.9586, 1.50); quat (-0.05, 0.00, 0.99 );
pos ( 3.2925, 4.0296, 1.50); quat (-0.05, 0.00, 0.99 );
pos ( 3.3175, 4.0257, 1.50); quat (-0.05, 0.00, 0.99 );
pos ( 3.3765, 4.0645, 1.50); quat (-0.05, 0.00, 0.99 );
pos ( 3.3701, 4.1474, 1.50); quat (-0.05, 0.00, 0.99 );
pos ( 3.4116, 4.2031, 1.50); quat (-0.05, 0.00, 0.99 );
pos ( 3.4465, 4.1883, 1.50); quat (-0.05, 0.00, 0.99 );
pos ( 3.4469, 4.2168, 1.50); quat (-0.05, 0.00, 0.99 );
pos ( 3.4398, 4.2037, 1.50); quat (-0.05, 0.00, 0.99 );
pos ( 3.5196, 4.2282, 1.50); quat (-0.05, 0.00, 0.99 );
pos ( 3.5566, 4.2597, 1.50); quat (-0.05, 0.00, 0.99 );
pos ( 3.6337, 4.3220, 1.50); quat (-0.05, 0.00, 0.99 );
pos ( 3.6667, 4.3348, 1.50); quat (-0.05, 0.00, 0.99 );
pos ( 3.6805, 4.3731, 1.50); quat (-0.05, 0.00, 0.99 );
pos ( 3.7124, 4.4349, 1.50); quat (-0.05, 0.00, 0.99 );
pos ( 3.7850, 4.4490, 1.50); quat (-0.05, 0.00, 0.99 );
pos ( 3.7799, 4.5056, 1.50); quat (-0.05, 0.00, 0.99 );
pos ( 3.7861, 4.5075, 1.50); quat (-0.05, 0.00, 0.99 );
pos ( 3.7898, 4.5516, 1.50); quat (-0.05, 0.00, 0.99 );
pos ( 3.7778, 4.5749, 1.50); quat (-0.05, 0.00, 0.99 );
pos ( 3.8279, 4.5995, 1.50); quat (-0.05, 0.00, 0.99 );
pos ( 3.8762, 4.6136, 1.50); quat (-0.05, 0.00, 0.99 );
pos ( 3.9421, 4.6256, 1.50); quat (-0.05, 0.00, 0.99 );
pos ( 3.9956, 4.6175, 1.50); quat (-0.05, 0.00, 0.99 );
pos ( 4.0146, 4.6237, 1.50); quat (-0.05, 0.00, 0.99 );
pos ( 4.0944, 4.6173, 1.50); quat (-0.05, 0.00, 0.99 );
pos ( 4.1243, 4.6415, 1.50); quat (-0.05, 0.00, 0.99 );
pos ( 4.1957, 4.6598, 1.50); quat (-0.05, 0.00, 0.99 );
pos ( 4.2387, 4.7145, 1.50); quat (-0.05, 0.00, 0.99 );
pos ( 4.2646, 4.7869, 1.50); quat (-0.05, 0.00, 0.99 );
pos ( 4.2665, 4.8080, 1.50); quat (-0.05, 0.00, 0.99 );
pos ( 4.3322, 4.8053, 1.50); quat (-0.05, 0.00, 0.99 );
pos ( 4.4094, 4.8607, 1.50); quat (-0.05, 0.00, 0.99 );
pos ( 4.4730, 4.9044, 1.50); quat (-0.05, 0.00, 0.99 );
pos ( 4.4741, 4.9147, 1.50); quat (-0.05, 0.00, 0.99 );
pos ( 4.4673, 4.9307, 1.50); quat (-0.05, 0.00, 0.99 );
pos ( 4.5075, 4.9629, 1.50); quat (-0.05, 0.00, 0.99 );
pos ( 4.5602, 4.9512, 1.50); quat (-0.05, 0.00, 0.99 );
pos ( 4.5523, 4.9688, 1.50); quat (-0.05, 0.00, 0.99 );
pos ( 4.5525, 5.0447, 1.50); quat (-0.05, 0.00, 0.99 );
pos ( 4.5917, 5.0472, 1.50); quat (-0.05, 0.00, 0.99 );
pos ( 4.5966, 5.0497, 1.50); quat (-0.05, 0.00, 0.99 );
pos ( 4.5832, 5.1089, 1.50); quat (-0.05, 0.00, 0.99 );
pos ( 4.5931, 5.1162, 1.50); quat (-0.05, 0.00, 0.99 );
pos ( 4.6463, 5.1188, 1.50); quat (-0.05, 0.00, 0.99 );
pos ( 5.0000, 5.0000, 1.50); quat (-0.05, 0.00, 0.99 );
pos ( 4.9956, 4.9796, 1.50); quat (-0.05, 0.00, 0.99 );
pos ( 4.9725, 4.9471, 1.50); quat (-0.05, 0.00, 0.99 );
pos ( 4.9547, 4.8475, 1.50); quat (-0.05, 0.00, 0.99 );
pos ( 4.9707, 4.8377, 1.50); quat (-0.05, 0.00, 0.99 );
pos ( 5.0151, 4.8274, 1.50); quat (-0.05, 0.00, 0.99 );
pos ( 4.9756, 4.8093, 1.50); quat (-0.05, 0.00, 0.99 );
pos ( 4.9616, 4.7434, 1.50); quat (-0.05, 0.00, 0.99 );
pos ( 4.9593, 4.6958, 1.50); quat (-0.05, 0.00, 0.99 );
pos ( 5.0077, 4.6313, 1.50); quat (-0.05, 0.00, 0.99 );
pos ( 5.0356, 4.5357, 1.50); quat (-0.05, 0.00, 0.99 );
pos ( 4.9927, 4.4536, 1.50); quat (-0.05, 0.00, 0.99 );
pos ( 5.0159, 4.4157, 1.50); quat (-0.05, 0.00, 0.99 );
pos ( 5.0158, 4.3441, 1.50); quat (-0.05, 0.00, 0.99 );
pos ( 5.0557, 4.2713, 1.50); quat (-0.05, 0.00, 0.99 );
pos ( 5.0071, 4.2434, 1.50); quat (-0.05, 0.00, 0.99 );
pos ( 4.9637, 4.1450, 1.50); quat (-0.05, 0.00, 0.99 );
pos ( 4.9338, 4.1200, 1.50); quat (-0.05, 0.00, 0.99 );
pos ( 4.9680, 4.0930, 1.50); quat (-0.05, 0.00, 0.99 );
pos ( 4.9717, 4.0209, 1.50); quat (-0.05, 0.00, 0.99 );
pos ( 4.9673, 3.9190, 1.50); quat (-0.05, 0.00, 0.99 );
pos ( 4.9893, 3.8283, 1.50); quat (-0.05, 0.00, 0.99 );
pos ( 5.0185, 3.7362, 1.50); quat (-0.05, 0.00, 0.99 );
pos ( 5.0115, 3.6813, 1.50); quat (-0.05, 0.00, 0.99 );
pos ( 5.0561, 3.6286, 1.50); quat (-0.05, 0.00, 0.99 );
pos ( 5.0162, 3.6129, 1.50); quat (-0.05, 0.00, 0.99 );
pos ( 4.9790, 3.5664, 1.50); quat (-0.05, 0.00, 0.99 );
pos ( 5.0050, 3.5379, 1.50); quat (-0.05, 0.00, 0.99 );
pos ( 4.9858, 3.5312, 1.50); quat (-0.05, 0.00, 0.99 );
pos ( 5.0118, 3.4333, 1.50); quat (-0.05, 0.00, 0.99 );
pos ( 5.0268, 3.3883, 1.50); quat (-0.05, 0.00, 0.99 );
pos ( 5.0274, 3.3553, 1.50); quat (-0.05, 0.00, 0.99 );
pos ( 4.9993, 3.3308, 1.50); quat (-0.05, 0.00, 0.99 );
pos ( 5.0178, 3.2375, 1.50); quat (-0.05, 0.00, 0.99 );
pos ( 5.0103, 3.1620, 1.50); quat (-0.05, 0.00, 0.99 );
pos ( 5.0114, 3.1365, 1.50); quat (-0.05, 0.00, 0.99 );
pos ( 4.9741, 3.0495, 1.50); quat (-0.05, 0.00, 0.99 );
pos ( 4.9335, 2.9742, 1.50); quat (-0.05, 0.00, 0.99 );
pos ( 4.9013, 2.8920, 1.50); quat (-0.05, 0.00, 0.99 );
pos ( 4.9008, 2.8694, 1.50); quat (-0.05, 0.00, 0.99 );
pos ( 4.9310, 2.8417, 1.50); quat (-0.05, 0.00, 0.99 );
pos ( 4.9346, 2.8092, 1.50); quat (-0.05, 0.00, 0.99 );
pos ( 4.9807, 2.8034, 1.50); quat (-0.05, 0.00, 0.99 );
pos ( 4.9783, 2.7669, 1.50); quat (-0.05, 0.00, 0.99 );
pos ( 5.0059, 2.6849, 1.50); quat (-0.05, 0.00, 0.99 );
pos ( 5.0284, 2.6130, 1.50); quat (-0.05, 0.00, 0.99 );
pos ( 4.9990, 2.5831, 1.50); quat (-0.05, 0.00, 0.99 );
pos ( 5.0280, 2.5270, 1.50); quat (-0.05, 0.00, 0.99 );
pos ( 5.0280, 2.4253, 1.50); quat (-0.05, 0.00, 0.99 );
pos ( 5.0393, 2.4154, 1.50); quat (-0.05, 0.00, 0.99 );
pos ( 4.9930, 2.4095, 1.50); quat (-0.05, 0.00, 0.99 );
pos ( 5.0227, 2.3758, 1.50); quat (-0.05, 0.00, 0.99 );
pos ( 4.9867, 2.2960, 1.50); quat (-0.05, 0.00, 0.99 );
pos ( 4.9793, 2.2528, 1.50); quat (-0.05, 0.00, 0.99 );
pos ( 5.0115, 2.1943, 1.50); quat (-0.05, 0.00, 0.99 );
pos ( 5.0148, 2.1363, 1.50); quat (-0.05, 0.00, 0.99 );
pos ( 5.0247, 2.1240, 1.50); quat (-0.05, 0.00, 0.99 );
pos ( 5.0455, 2.0482, 1.50); quat (-0.05, 0.00, 0.99 );
pos ( 5.0292, 2.0031, 1.50); quat (-0.05, 0.00, 0.99 );
pos ( 5.0588, 1.9909, 1.50); quat (-0.05, 0.00, 0.99 );
pos ( 5.0417, 1.9381, 1.50); quat (-0.05, 0.00, 0.99 );
pos ( 4.9930, 1.8767, 1.50); quat (-0.05, 0.00, 0.99 );
pos ( 4.9454, 1.7870, 1.50); quat (-0.05, 0.00, 0.99 );
pos ( 4.9222, 1.6970, 1.50); quat (-0.05, 0.00, 0.99 );
pos ( 4.9587, 1.6130, 1.50); quat (-0.05, 0.00, 0.99 );
pos ( 4.9687, 1.5430, 1.50); quat (-0.05, 0.00, 0.99 );
pos ( 4.9920, 1.5281, 1.50); quat (-0.05, 0.00, 0.99 );
pos ( 5.0142, 1.4848, 1.50); quat (-0.05, 0.00, 0.99 );
pos ( 5.0319, 1.4190, 1.50); quat (-0.05, 0.00, 0.99 );
pos ( 5.0755, 1.4106, 1.50); quat (-0.05, 0.00, 0.99 );
pos ( 5.0796, 1.3702, 1.50); quat (-0.05, 0.00, 0.99 );
pos ( 5.0999, 1.2815, 1.50); quat (-0.05, 0.00, 0.99 );
pos ( 5.0987, 1.1927, 1.50); quat (-0.05, 0.00, 0.99 );
pos ( 5.0661, 1.1270, 1.50); quat (-0.05, 0.00, 0.99 );
pos ( 5.0337, 1.0371, 1.50); quat (-0.05, 0.00, 0.99 );
pos ( 5.0382, 0.9818, 1.50); quat (-0.05, 0.00, 0.99 );
pos ( 5.0781, 0.9530, 1.50); quat (-0.05, 0.00, 0.99 );
pos ( 5.1254, 0.8964, 1.50); quat (-0.05, 0.00, 0.99 );
pos ( 5.1169, 0.8339, 1.50); quat (-0.05, 0.00, 0.99 );
pos ( 5.0738, 0.7946, 1.50); quat (-0.05, 0.00, 0.99 );
pos ( 5.0617, 0.7484, 1.50); quat (-0.05, 0.00, 0.99 );
pos ( 5.0966, 0.7337, 1.50); quat (-0.05, 0.00, 0.99 );
pos ( 5.1091, 0.7229, 1.50); quat (-0.05, 0.00, 0.99 );
pos ( 5.1158, 0.6384, 1.50); quat (-0.05, 0.00, 0.99 );
pos ( 5.1033, 0.6041, 1.50); quat (-0.05, 0.00, 0.99 );
pos ( 5.0565, 0.5639, 1.50); quat (-0.05, 0.00, 0.99 );
pos ( 5.0120, 0.5472, 1.50); quat (-0.05, 0.00, 0.99 );
pos ( 5.0208, 0.5303, 1.50); quat (-0.05, 0.00, 0.99 );
pos ( 4.9864, 0.4434, 1.50); quat (-0.05, 0.00, 0.99 );
pos ( 5.0177, 0.4135, 1.50); quat (-0.05, 0.00, 0.99 );
pos ( 4.9910, 0.4011, 1.50); quat (-0.05, 0.00, 0.99 );
pos ( 4.9548, 0.3040, 1.50); quat (-0.05, 0.00, 0.99 );
pos ( 4.9239, 0.3013, 1.50); quat (-0.05, 0.00, 0.99 );
pos ( 4.9581, 0.2142, 1.50); quat (-0.05, 0.00, 0.99 );
pos ( 4.9402, 0.1697, 1.50); quat (-0.05, 0.00, 0.99 );
pos ( 4.9557, 0.0682, 1.50); quat (-0.05, 0.00, 0.99 );
